7891137003407,0
7891137005333,0
7891137003612,0
7891137006316,0
7891137003674,0
0000078900776,0
0000078921900,0
7898214380017,0
7897512902198,0
7895800151570,0
7895800304235,0
7622210564313,0
7895800201503,0
7895800304228,0
7895800911150,0
7895800300145,0
7895800303320,0
7895800303313,0
7895800300381,0
7622300860899,0
7895800430002,0
7895800309780,0
7895800304211,0
0000078938878,0
7895800304679,0
7895144025117,0
7895144603049,0
7896262304306,0
7895144605494,0
0000078924291,0
7895144292342,0
7895144080802,0
7896262304351,0
7895144892931,0
7895144899947,0
7895144899930,0
7895800308721,0
7895144080819,0
0000078600010,0
7898213880242,0
7895144603063,0
7895144603148,0
7895144603223,0
7895144603087,0
7895800420003,0
7895144203089,0
0000078922327,0
0000078922334,0
0000078922310,0
7895144028019,0
7622300852597,0
0000078934696,0
7891008200423,0
7895144693217,0
7895144605685,0
7895144695679,0
7898024393191,0
7896058506105,0
7895800151426,0
7895800440797,48
7896259411284,0
7895144856490,0
7895144856506,0
7895144202945,0
7895144202952,0
7891118013609,0
7622300989552,0
7891118013593,0
7898279790431,0
7898279790394,0
7898279790417,0
7891118001910,0
7891118006922,0
7891118013685,0
7891118013708,0
7891118025947,0
7622300991814,0
0000078927988,0
7891118013616,0
7891137003414,0
7891137005166,0
7891137003704,0
7891137003810,0
7891137003728,0
7898591450556,0
7898279795061,0
7898279790776,0
7898279792077,0
7898279794842,0
7898279790639,0
8410525159619,0
7898279791162,0
7898279790400,0
0000000316095,0
0000078932586,0
0000078932616,0
0000078932609,0
7891118025923,0
7895144605319,0
7898591453595,0
7898279791179,0
8410525146435,0
7898279790387,0
0000078915381,0
7898591451102,0
7898279798185,0
7898279798307,0
7898279792039,0
7895144400341,0
7896451911582,0
7895800447543,0
7893646098158,0
7896451901408,0
7896451901361,0
7896451900029,0
7895800310847,0
7622300858834,0
7622300858797,0
7891118025886,0
7622300992620,0
7891118014859,0
7896058505467,0
7896058505443,0
7896058592702,0
7896058501407,0
7896451908377,0
7898279794859,0
7896451903228,0
7896451906434,0
7895144893730,0
7898629570263,0
0000078605831,0
7891118011070,0
7891118011087,0
7895144294056,0
7895144294964,0
7891118007820,0
7891118007837,0
7891118010769,0
7898279797911,0
0000078922389,0
0000078921375,0
0000078928060,0
7896321011541,0
0000078918368,0
7898591452352,0
7898591452338,0
7898591452390,0
7896321015792,0
7896321015808,0
7896058500745,0
7896058516302,0
7891118007868,0
7891118014873,0
7622210703064,0
7622300991739,0
7895800151389,0
7891118014897,0
7898591455001,0
0000078916968,0
0000078928978,0
0000078916982,0
7896451908995,0
7891118013937,0
7891118013913,0
7898591455025,0
7898591454530,0
7895144294865,0
7895144294957,0
7896321000057,0
7896321000552,0
7896451909381,0
7896451909367,0
7896451908803,0
7896451906175,0
7896451912435,0
7896451908681,0
0000078928992,0
7896451906168,0
0000078917286,0
0000078916999,0
7896451911957,0
7896451911964,0
7896451911988,0
7896451911971,0
7896451911421,0
7896451902047,0
0000078917279,0
7622300847753,0
7622300858872,0
7622300858926,0
7896451908810,0
7896451912862,0
7896451909244,0
7896451911414,0
7896451909213,0
7896451912534,0
7896451912541,0
7896451912510,0
7896451912497,0
7896451912527,0
7896451902146,0
7896451912466,0
7896451912459,0
7896451912503,0
7898591450600,0
7898279799823,0
7898591455636,0
7898591450648,0
7896451912473,0
7896451911438,0
7896451913463,0
7622210839640,0
7622210862679,0
7896486206134,0
7896486206080,0
7895144605364,0
7895144297361,0
0000078938533,0
7622210839602,0
7622210885760,0
7622210888457,0
7622210887863,0
0000077916389,0
0000077916426,0
7891118015108,0
7895144605333,0
0000078928411,0
7895144295602,0
7895144295589,22
7895144295596,0
7908084701024,0
7622300847791,0
7622210887658,0
7891118015344,0
7896423481020,0
7891118015283,0
7895144294483,0
7898934595463,0
7898934596248,0
7898934595500,0
7898934595562,0
7898934595548,0
7895144605326,0
7896423480894,0
7896306617737,0
7896306617751,0
7896306617744,0
7896306612954,0
7896306612961,0
7896306613289,0
7896306612947,0
7896306612930,0
7896306612923,0
7896306617386,0
7622210857071,0
7896058595406,0
7895144295350,0
7895144295664,0
7622210617903,0
7898963171928,0
7898934596606,0
7898934596484,0
7898964630134,0
7896058595413,0
7891118015351,0
7622210630636,0
7622210630780,0
7895144296364,0
0000080853671,0
0000080948094,0
7896423481037,0
7895144017013,0
7891118025299,0
7898934593933,0
7895144895390,0
7891118015313,17
7861002901831,0
7622210594624,0
7896451911575,0
7898934593438,0
7898964630752,0
7898964630776,0
7898964630738,0
7898963171904,0
7898963171881,0
7896058595390,0
7898964630073,0
7898964630059,0
7896451912480,0
7896451913845,0
7622210617996,0
0000078940017,0
7861002901855,0
7896451913890,0
7896451913586,0
7896451909008,0
7896451912909,0
7898934593476,0
7898934593490,0
7898934593452,0
7898934593513,0
7895144205458,0
7895144205472,0
7896451912886,0
7896451912893,0
7896451912916,0
7896451903259,0
7908228801634,0
7908228801658,0
7896321011299,0
7896451914569,0
7896451908629,0
0000078913578,0
7898964630097,0
7896451912978,0
7896451912961,0
7898964630158,0
7898934596507,0
7898591455360,0
7896306622649,0
7896306622533,0
7896306622564,0
7622210696922,0
8426617002510,0
7896451914583,0
7896451909251,0
9044400825765,0
9044400815957,0
9044400897465,0
7891118025756,0
7896451913494,0
7898964630271,0
7898964630356,0
7898964630233,0
7898934593797,0
7896451915528,0
7896321013620,0
7896451916006,0
7896451902597,0
0000078939349,0
7895144191768,0
0000080935513,0
0000080878018,0
7895144293899,0
7896262301022,0
7891118015498,0
7891118015320,0
7891118015337,0
7891118015290,13
7895144191263,0
7896451917225,0
7896451914620,0
7896486206363,0
0000000678100,20
7896306622700,0
7896306608919,0
7896306622854,0
7898024398196,0
7896451915276,0
7896058597790,0
7896451907936,0
7898629570508,0
7898629570485,0
7898629571048,0
7898629571031,0
7898629570461,0
7898629570805,0
7898629570973,0
7898629570522,0
7898629570164,0
7898629570904,0
7898629570140,0
7898629570225,0
7898591451591,0
7896306622540,0
7891118015306,0
7622210619655,0
7891151029285,0
7898591457807,0
7898591457814,0
7898629571055,0
7898629571062,0
7898629571079,0
7896058595383,0
7896058593570,0
7895144297392,0
7895144297408,0
7895144297415,0
7895144297385,0
7895144297378,0
7895144297422,0
7896058595369,0
7891008116779,0
0000000761161,0
7891118025398,0
7898964630790,0
7891137000048,0
7891118025411,0
7895144297453,0
7895144297446,0
7895144297460,0
7895144296906,0
7895144296678,0
7896058597776,0
7898279790407,0
7898279790414,0
7898591451478,0
7898629571215,0
7898629571222,0
7898629571154,0
7622210563538,0
7896286614979,0
0000000082810,0
0000000082811,0
7898629571147,0
7898629570577,0
7908228802280,0
7898591454592,0
7898591457777,0
7898519450078,0
7908228802426,0
7908228802419,0
7908228802402,0
7898591453793,0
7898591454844,0
7898591450389,0
7898591454841,0
7898591459771,0
7898629570294,0
7898629570607,0
7898629570416,0
7898629570829,0
7898591459405,0
7622210564276,0
7898279791176,0
7898591453790,0
0000000018368,0
7908228801986,0
7908228802273,0
7898629570867,0
7898629571277,0
7898629570393,0
7898629570959,0
7891137006507,0
7891137006422,0
7898629571253,0
7898629571260,0
7898629571314,0
7891137006491,0
7898629571246,0
7898629571109,0
7622210563477,0
1000000000047,0
0000078915398,0
7896451913852,0
2789645190862,0
1789827979203,0
6841052517946,0
1789827979818,0
7891118025541,0
7891118025466,0
7891118025473,0
7896451903235,0
7898591459436,0
7896451911995,0
7896451912039,0
7908228802792,0
7896286614870,0
7908228802808,0
7908228801672,0
7896043351314,0
1789827979791,0
7898519450071,0
1790822880240,0
7896321010148,0
1789827979830,0
1790822880241,0
1789859145379,0
1789859145940,0
1789859145484,0
1789859145038,0
7891118025527,0
7898591450402,0
7896451913067,0
7896451913074,0
7896451917768,0
7898591459818,0
7895144695303,0
7895144695433,0
7895144695464,0
7895144695426,0
7908228802006,0
7908228802020,0
7896451906946,0
7896451913869,0
7899970401787,0
7899970401800,0
7908228802518,0
7908228802532,0
7908228802525,0
7897190306783,0
7895144297156,0
7898629571093,0
7896451920454,0
7897652600817,0
7895144297590,0
7895144297583,0
7896451920430,0
7896451920447,0
7896451918079,0
7908228802068,0
7898629571321,0
7898629571284,0
7898629571307,0
7898629571338,0
7898629571291,0
7896451921604,0
0000000907989,0
7896451912213,0
7896451916020,0
7896321015976,0
0000078918351,0
0000078918320,0
7895144297354,0
7895144297347,0
0000078939547,0
7896058599749,0
7896058599756,0
7898964630820,0
7896058593136,0
7896058599770,0
7895800112632,0
7895144017020,0
7891118025909,0
7891118025893,0
7891118012701,0
7891118012718,0
7891118025961,0
7896058505450,0
7891008116823,0
7891118025954,0
7891118026005,0
7896486206073,0
7898591451492,0
7898591459429,0
7898591450150,0
7898591451546,0
7898279799991,0
7898591457876,0
7898591457852,0
7898591451522,0
7898591451508,0
7908228802846,0
7908228802907,0
7908228802921,0
7908228802945,0
7898591459498,0
7895144892832,0
7895144892825,0